7
1 2 3 3.5 0.2 0.3 0.4
0 0 0 0 0 0 0 : 8 8 8 1 1 1 1
1 0 0 0 0 0 0 : -1 0 -2 1.5 0 0 0
0 1 0 0 0 0 0 : -2 -1 0 1 0 0 0
0 0 1 0 0 0 0 : 0 -2 -1 0.5 0 0 0
0 0 0 1 0 0 0 : -1 -1 -1 -2 0 0 0
0 0 0 0 1 0 0 : 0 0 0 0 -1 0 -2
0 0 0 0 0 1 0 : 0 0 0 0 -2 -1 0
0 0 0 0 0 0 1 : 0 0 0 0 0 -2 -1
1 0 0 0 1 0 0 : 1 0 0.05 0 0 0 0
1 0 0 0 2 0 0 : -1 0 -0.05 0 0 0 0
1 0 0 0 0 1 0 : 0 0 0 -1.5 0 0 0
1 0 0 0 0 2 0 : 0 0 0 1.5 0 0 0
0 1 0 0 0 1 0 : 0.05 1 0 0 0 0 0
0 1 0 0 0 2 0 : -0.05 -1 0 0 0 0 0
0 1 0 0 0 0 1 : 0 0 0 -1 0 0 0
0 1 0 0 0 0 2 : 0 0 0 1 0 0 0
0 0 1 0 1 0 0 : 0 0 0 -0.5 0 0 0
0 0 1 0 2 0 0 : 0 0 0 0.5 0 0 0
0 0 1 0 0 0 1 : 0 0.05 1 0 0 0 0
0 0 1 0 0 0 2 : 0 -0.05 -1 0 0 0 0
0 0 0 1 1 0 0 : 0.1 0.1 0.1 0.1 0 0 0
0 0 0 1 2 0 0 : -0.1 -0.1 -0.1 -1 0 0 0
0 0 0 1 0 1 0 : 0.1 0.1 0.1 0 0 0 0
0 0 0 1 0 2 0 : -0.1 -0.1 -0.1 -1 0 0 0
0 0 0 1 0 0 1 : 0.1 0.1 0.1 0 0 0 0
0 0 0 1 0 0 2 : -0.1 -0.1 -0.1 -1 0 0 0
